% -*-latex-*-
\begin{figure}
\begin{center}
\mbox{\beginpicture
\setcoordinatesystem units <3in, 0.3in> point at 0 0
\setplotarea x from 0 to 1, y from 0 to 10
\axis left /
\axis right /
\axis top /
\axis bottom label {$p$} ticks numbered from 0.00 to 1.00 by 0.25 /
\plot
0.6 0.00003716798785
0.6200000000 0.0003995935275
0.6400000000 0.003345755643
0.6600000000 0.02181706737
0.6800000000 0.1107962103
0.7000000000 0.4382075122
0.7200000000 1.349774162
0.7400000000 3.237939891
0.7600000000 6.049268110
0.7800000000 8.801633164
0.8000000000 9.973557006
0.8200000000 8.801633164
0.8400000000 6.049268110
0.8600000000 3.237939891
0.8800000000 1.349774162
0.9000000000 0.4382075122
0.9200000000 0.1107962103
0.9400000000 0.02181706737
0.9600000000 0.003345755643
0.9800000000 0.0003995935275
01.000000000 0.00003716798785
/

\multiput {$\bullet$} at
0.60000000 0 
0.61000000 1 
0.62000000 1 
0.63000000 1 
0.64000000 8
0.65000000 19 
0.66000000 38 
0.67000000 85 
0.68000000 173 
0.69000000
241 0.70000000 
564 0.71000000 
888 0.72000000 
1382 0.73000000 
2154 0.74000000 
3235 0.75000000 
4402 0.76000000 
5703 0.77000000 
7283 0.78000000 
8548 0.79000000 
9638 0.80000000 
9778 0.81000000 
9755 0.82000000 
9159 0.83000000 
7713 0.84000000 
6418 0.85000000 
4776 0.86000000 
3289 0.87000000 
2189 0.88000000 
1266 0.89000000 
702 0.90000000 
354 0.91000000 
155 0.92000000 
53 0.93000000 
20 0.94000000 
6 0.95000000 
3 0.96000000 0
/

\endpicture}
\end{center}
\caption{Normal approximation to sampling distribution}
\label{fig.norm}
\end{figure}





